{
    "w": 578,
    "h": 434,
    "fl_x": 433.0673719225898,
    "fl_y": 433.5206798382189,
    "cx": 288.1118890171844,
    "cy": 217.95118165265544,
    "k1": 0.031104055980485105,
    "k2": -0.03096255863662738,
    "p1": -0.0012272522794841275,
    "p2": 9.661198225794087e-05,
    "camera_model": "OPENCV",
    "frames": [
        {
            "file_path": "images/frame_00062.png",
            "transform_matrix": [
                [
                    0.9999941970605137,
                    0.0011578074746640612,
                    0.003203954923194358,
                    0.007877556165588426
                ],
                [
                    0.003201772506321598,
                    0.0018819195005935084,
                    -0.9999931034921246,
                    -0.10893047565095237
                ],
                [
                    -0.001163829075084676,
                    0.9999975589274431,
                    0.0018782015437885354,
                    -0.08580813758306725
                ],
                [
                    0.0,
                    0.0,
                    0.0,
                    1.0
                ]
            ],
            "colmap_im_id": 63
        },
        {
            "file_path": "images/frame_00055.png",
            "transform_matrix": [
                [
                    0.967731284046615,
                    0.2453812441478242,
                    -0.05730800029625841,
                    -0.004075117615410119
                ],
                [
                    -0.08680839900569792,
                    0.11114108180011778,
                    -0.9900060412938737,
                    -0.10137275302310977
                ],
                [
                    -0.23655964097782525,
                    0.9630346333111627,
                    0.12885585475125674,
                    -0.06218497103218686
                ],
                [
                    0.0,
                    0.0,
                    0.0,
                    1.0
                ]
            ],
            "colmap_im_id": 62
        },
        {
            "file_path": "images/frame_00056.png",
            "transform_matrix": [
                [
                    0.960478973797869,
                    0.24298337850763688,
                    -0.13579108461606346,
                    -0.053385509314923654
                ],
                [
                    -0.10034465996013228,
                    -0.1527854306073932,
                    -0.983151850637326,
                    -0.08855432372398309
                ],
                [
                    -0.2596364575896033,
                    0.9579225907990309,
                    -0.12236510910874154,
                    -0.14500264366364404
                ],
                [
                    0.0,
                    0.0,
                    0.0,
                    1.0
                ]
            ],
            "colmap_im_id": 61
        },
        {
            "file_path": "images/frame_00063.png",
            "transform_matrix": [
                [
                    0.9968900127068474,
                    0.05510989841583982,
                    -0.05633117841779494,
                    -0.015546455480945397
                ],
                [
                    -0.06749067938481752,
                    0.2280040981095509,
                    -0.9713182482798447,
                    -0.07267903414321812
                ],
                [
                    -0.0406855104615562,
                    0.9720992903720514,
                    0.23101441274655676,
                    -0.005226508426061166
                ],
                [
                    0.0,
                    0.0,
                    0.0,
                    1.0
                ]
            ],
            "colmap_im_id": 60
        },
        {
            "file_path": "images/frame_00022.png",
            "transform_matrix": [
                [
                    -0.5923771484184878,
                    -0.5709401443069636,
                    0.5684335191122376,
                    0.21566392569598053
                ],
                [
                    0.410567883054578,
                    -0.8209900415032769,
                    -0.39674849105765864,
                    0.08548873472971731
                ],
                [
                    0.6931978991858396,
                    -0.0016441931728976129,
                    0.7207454260646732,
                    0.1293385097983459
                ],
                [
                    0.0,
                    0.0,
                    0.0,
                    1.0
                ]
            ],
            "colmap_im_id": 29
        },
        {
            "file_path": "images/frame_00001.png",
            "transform_matrix": [
                [
                    0.7309973958298047,
                    0.553120661273122,
                    -0.3996252511576664,
                    -0.1736580177223408
                ],
                [
                    -0.3415550397131932,
                    -0.21041207509714357,
                    -0.916005957131193,
                    -0.17452342432983084
                ],
                [
                    -0.5907477990958265,
                    0.8060919877570414,
                    0.035110470480171616,
                    -0.13137902833278572
                ],
                [
                    0.0,
                    0.0,
                    0.0,
                    1.0
                ]
            ],
            "colmap_im_id": 28
        },
        {
            "file_path": "images/frame_00006.png",
            "transform_matrix": [
                [
                    0.9822300186889124,
                    0.179739420685622,
                    -0.05401787702211067,
                    0.004976642705966998
                ],
                [
                    -0.020333829507611416,
                    -0.18420897225020916,
                    -0.9826767474200644,
                    -0.13093702748962446
                ],
                [
                    -0.18657632691189485,
                    0.9663129902853003,
                    -0.17728079151997,
                    -0.19946102288522224
                ],
                [
                    0.0,
                    0.0,
                    0.0,
                    1.0
                ]
            ],
            "colmap_im_id": 27
        },
        {
            "file_path": "images/frame_00010.png",
            "transform_matrix": [
                [
                    0.8584083755739615,
                    -0.3388612666118194,
                    0.38510791050653076,
                    0.1438739460318889
                ],
                [
                    0.2716154106026397,
                    -0.3366099843150824,
                    -0.9016200902722606,
                    -0.13819975241428353
                ],
                [
                    0.4351552935075386,
                    0.8785594803140159,
                    -0.19690888776978663,
                    -0.19958563158215875
                ],
                [
                    0.0,
                    0.0,
                    0.0,
                    1.0
                ]
            ],
            "colmap_im_id": 26
        },
        {
            "file_path": "images/frame_00008.png",
            "transform_matrix": [
                [
                    0.9946383033178712,
                    0.10144544694198926,
                    -0.02008648470207614,
                    -0.007374680055804565
                ],
                [
                    0.027827055262282855,
                    -0.4496100774875981,
                    -0.8927913716076259,
                    -0.05726426377915079
                ],
                [
                    -0.09960070566204114,
                    0.8874455473528143,
                    -0.4500223326850428,
                    -0.29508051228062115
                ],
                [
                    0.0,
                    0.0,
                    0.0,
                    1.0
                ]
            ],
            "colmap_im_id": 25
        },
        {
            "file_path": "images/frame_00012.png",
            "transform_matrix": [
                [
                    0.8430173836543394,
                    -0.47255760229197846,
                    0.2569260659657729,
                    0.1160667459682876
                ],
                [
                    0.25041214633406067,
                    -0.0779398744260364,
                    -0.9649969600692131,
                    -0.17323312363270107
                ],
                [
                    0.4760414349875034,
                    0.8778466201395949,
                    0.052629494435426805,
                    -0.0789915672892418
                ],
                [
                    0.0,
                    0.0,
                    0.0,
                    1.0
                ]
            ],
            "colmap_im_id": 24
        },
        {
            "file_path": "images/frame_00013.png",
            "transform_matrix": [
                [
                    0.3645599881000246,
                    -0.6452729947174726,
                    0.6713559245026842,
                    0.2522578071512984
                ],
                [
                    0.47941466181883435,
                    -0.48801394963757705,
                    -0.7293860205626815,
                    -0.07732688659100431
                ],
                [
                    0.7982841581226836,
                    0.5877628324821811,
                    0.13144297487078271,
                    -0.06399617514258744
                ],
                [
                    0.0,
                    0.0,
                    0.0,
                    1.0
                ]
            ],
            "colmap_im_id": 23
        },
        {
            "file_path": "images/frame_00027.png",
            "transform_matrix": [
                [
                    -0.8983701517008845,
                    -0.347336361486342,
                    0.26886524974857107,
                    0.12134905754870526
                ],
                [
                    0.15700025684694324,
                    -0.8256017909187087,
                    -0.5419710344490887,
                    0.022465873754784035
                ],
                [
                    0.4102218788447615,
                    -0.44467868716777054,
                    0.7962279041177998,
                    0.17161824971606912
                ],
                [
                    0.0,
                    0.0,
                    0.0,
                    1.0
                ]
            ],
            "colmap_im_id": 22
        },
        {
            "file_path": "images/frame_00018.png",
            "transform_matrix": [
                [
                    -0.1657398152806651,
                    -0.5762866290805542,
                    0.8002649778502753,
                    0.32879934663220356
                ],
                [
                    0.5040377811234327,
                    -0.7469904975688975,
                    -0.43353328792831713,
                    0.04479667691224724
                ],
                [
                    0.8476297710857591,
                    0.3315100566871875,
                    0.41427630089634687,
                    0.03258753663582958
                ],
                [
                    0.0,
                    0.0,
                    0.0,
                    1.0
                ]
            ],
            "colmap_im_id": 21
        },
        {
            "file_path": "images/frame_00007.png",
            "transform_matrix": [
                [
                    0.9921252371166919,
                    0.11889083534708719,
                    -0.03940156274337019,
                    -0.004071276890240712
                ],
                [
                    0.009391345515040471,
                    -0.3843118950100811,
                    -0.9231555502639722,
                    -0.08848324353259486
                ],
                [
                    -0.1248972237704468,
                    0.9155158855116781,
                    -0.38240207487695815,
                    -0.25261459258092667
                ],
                [
                    0.0,
                    0.0,
                    0.0,
                    1.0
                ]
            ],
            "colmap_im_id": 20
        },
        {
            "file_path": "images/frame_00009.png",
            "transform_matrix": [
                [
                    0.8687358291007167,
                    -0.24734266030551155,
                    0.4290916774183376,
                    0.14935318829991318
                ],
                [
                    0.28093601331264095,
                    -0.4674122059479797,
                    -0.8382128525349888,
                    -0.09455563422625929
                ],
                [
                    0.4078884843442997,
                    0.848732842609402,
                    -0.33657026935763984,
                    -0.27308613051224767
                ],
                [
                    0.0,
                    0.0,
                    0.0,
                    1.0
                ]
            ],
            "colmap_im_id": 19
        },
        {
            "file_path": "images/frame_00014.png",
            "transform_matrix": [
                [
                    0.36050170845078766,
                    -0.5714789964309869,
                    0.7371907994829393,
                    0.28268873713613885
                ],
                [
                    0.4818041020759924,
                    -0.56264743724342,
                    -0.6717832005834609,
                    -0.03640982423342617
                ],
                [
                    0.7986885033771364,
                    0.5973605427224363,
                    0.07250556234901069,
                    -0.11378354828811454
                ],
                [
                    0.0,
                    0.0,
                    0.0,
                    1.0
                ]
            ],
            "colmap_im_id": 18
        },
        {
            "file_path": "images/frame_00005.png",
            "transform_matrix": [
                [
                    0.9393307131254789,
                    0.32523185602541804,
                    -0.1090048219366522,
                    -0.02856336332222997
                ],
                [
                    -0.1450700886938755,
                    0.08871043001973462,
                    -0.9854365169670063,
                    -0.1665566258107201
                ],
                [
                    -0.3108254827801777,
                    0.9414641254089163,
                    0.1305098456917863,
                    -0.06786995483441241
                ],
                [
                    0.0,
                    0.0,
                    0.0,
                    1.0
                ]
            ],
            "colmap_im_id": 17
        },
        {
            "file_path": "images/frame_00015.png",
            "transform_matrix": [
                [
                    0.374293215763483,
                    -0.4816587765638316,
                    0.7924073520560392,
                    0.31117256379541697
                ],
                [
                    0.4758510674163137,
                    -0.6336709460652067,
                    -0.609940073902003,
                    0.003940629497402518
                ],
                [
                    0.7959085062192675,
                    0.6053643159881981,
                    -0.007980893180299806,
                    -0.13476993073623791
                ],
                [
                    0.0,
                    0.0,
                    0.0,
                    1.0
                ]
            ],
            "colmap_im_id": 16
        },
        {
            "file_path": "images/frame_00016.png",
            "transform_matrix": [
                [
                    0.38450583842723296,
                    -0.3859445208268631,
                    0.8385714561437759,
                    0.3277875244711651
                ],
                [
                    0.4902508124369519,
                    -0.68433970929325,
                    -0.5397530020197554,
                    0.03825802832797609
                ],
                [
                    0.7821824602484246,
                    0.6186485182461463,
                    -0.0739229987998899,
                    -0.16258508285697804
                ],
                [
                    0.0,
                    0.0,
                    0.0,
                    1.0
                ]
            ],
            "colmap_im_id": 15
        },
        {
            "file_path": "images/frame_00021.png",
            "transform_matrix": [
                [
                    -0.5823461787786249,
                    -0.647184063271071,
                    0.4919610922724288,
                    0.17785225301029137
                ],
                [
                    0.37657520610028034,
                    -0.7510738676772756,
                    -0.5422906595570591,
                    0.029203363546968297
                ],
                [
                    0.7204609928458766,
                    -0.13054054366458517,
                    0.6810984688334639,
                    0.12313781094462824
                ],
                [
                    0.0,
                    0.0,
                    0.0,
                    1.0
                ]
            ],
            "colmap_im_id": 14
        },
        {
            "file_path": "images/frame_00017.png",
            "transform_matrix": [
                [
                    -0.13034321654366363,
                    -0.4457367032110666,
                    0.8856237560677678,
                    0.34024331321025125
                ],
                [
                    0.5294386248549336,
                    -0.7865186411549501,
                    -0.317935794819469,
                    0.11060800068133891
                ],
                [
                    0.8382752462125838,
                    0.4274426494002445,
                    0.33850759675512665,
                    -0.00014408889833370872
                ],
                [
                    0.0,
                    0.0,
                    0.0,
                    1.0
                ]
            ],
            "colmap_im_id": 1
        },
        {
            "file_path": "images/frame_00003.png",
            "transform_matrix": [
                [
                    0.6704931570149726,
                    0.47861568646490105,
                    -0.5668914808548692,
                    -0.22698172167807748
                ],
                [
                    -0.3586631932059443,
                    -0.4597709845489293,
                    -0.8123862108666194,
                    -0.06300662948904588
                ],
                [
                    -0.6494610382735906,
                    0.7480225039640447,
                    -0.1366114685081371,
                    -0.21321776021080768
                ],
                [
                    0.0,
                    0.0,
                    0.0,
                    1.0
                ]
            ],
            "colmap_im_id": 2
        },
        {
            "file_path": "images/frame_00031.png",
            "transform_matrix": [
                [
                    -0.9988800573082534,
                    0.013537783757620632,
                    0.04533607308526851,
                    0.046834386251305905
                ],
                [
                    -0.017162713026351795,
                    -0.9966030219601842,
                    -0.08054724018489688,
                    0.20854613405037975
                ],
                [
                    0.04409163632069011,
                    -0.08123512190401572,
                    0.995719228786812,
                    0.19293131829125934
                ],
                [
                    0.0,
                    0.0,
                    0.0,
                    1.0
                ]
            ],
            "colmap_im_id": 3
        },
        {
            "file_path": "images/frame_00030.png",
            "transform_matrix": [
                [
                    -0.9972853259394637,
                    0.07179650246254346,
                    0.016347504395582798,
                    0.04104901269294271
                ],
                [
                    -0.07361378343303528,
                    -0.9669162323596892,
                    -0.24424170505468126,
                    0.1471699433168138
                ],
                [
                    -0.001729032819753856,
                    -0.2447820700817151,
                    0.9695765821285178,
                    0.18748334871105987
                ],
                [
                    0.0,
                    0.0,
                    0.0,
                    1.0
                ]
            ],
            "colmap_im_id": 4
        },
        {
            "file_path": "images/frame_00002.png",
            "transform_matrix": [
                [
                    0.6928853848373173,
                    0.47978452415654865,
                    -0.538253336133383,
                    -0.20592703232002169
                ],
                [
                    -0.35178836393400187,
                    -0.4266780229107675,
                    -0.8331811398283069,
                    -0.0981494085282665
                ],
                [
                    -0.6294082859952517,
                    0.7666502952095123,
                    -0.12685635331226688,
                    -0.18100128878626454
                ],
                [
                    0.0,
                    0.0,
                    0.0,
                    1.0
                ]
            ],
            "colmap_im_id": 5
        },
        {
            "file_path": "images/frame_00023.png",
            "transform_matrix": [
                [
                    -0.568016418909734,
                    -0.4309716293755159,
                    0.7011567603056923,
                    0.2572173521224132
                ],
                [
                    0.4298076926730506,
                    -0.8818653442211435,
                    -0.19385268112871842,
                    0.18112244862088356
                ],
                [
                    0.7018708536248173,
                    0.1912510636183158,
                    0.6861489164145296,
                    0.09488039180072234
                ],
                [
                    0.0,
                    0.0,
                    0.0,
                    1.0
                ]
            ],
            "colmap_im_id": 6
        },
        {
            "file_path": "images/frame_00026.png",
            "transform_matrix": [
                [
                    -0.9045330779773444,
                    -0.23779073241382412,
                    0.353942761506615,
                    0.14967243487441884
                ],
                [
                    0.17037690523962717,
                    -0.9624768624878067,
                    -0.21121079360817385,
                    0.1427341835888116
                ],
                [
                    0.3908856879009496,
                    -0.13074347690697444,
                    0.9111062079914046,
                    0.19320877811869028
                ],
                [
                    0.0,
                    0.0,
                    0.0,
                    1.0
                ]
            ],
            "colmap_im_id": 7
        },
        {
            "file_path": "images/frame_00024.png",
            "transform_matrix": [
                [
                    -0.5680478326904453,
                    -0.35344267975598176,
                    0.7432361212310652,
                    0.2650304288770273
                ],
                [
                    0.4224927235430833,
                    -0.9002406117736901,
                    -0.10519857159904852,
                    0.2192126788722432
                ],
                [
                    0.7062730055218277,
                    0.25425403249553974,
                    0.6607066888044356,
                    0.07798473391509125
                ],
                [
                    0.0,
                    0.0,
                    0.0,
                    1.0
                ]
            ],
            "colmap_im_id": 8
        },
        {
            "file_path": "images/frame_00019.png",
            "transform_matrix": [
                [
                    -0.16475581894880015,
                    -0.678989180770277,
                    0.7154224014660291,
                    0.29709502843516994
                ],
                [
                    0.4765997104977772,
                    -0.6898400492768904,
                    -0.5449526790163466,
                    -0.011484057258953267
                ],
                [
                    0.8635439977649934,
                    0.25118598450265256,
                    0.437261209248531,
                    0.044803646880292994
                ],
                [
                    0.0,
                    0.0,
                    0.0,
                    1.0
                ]
            ],
            "colmap_im_id": 9
        },
        {
            "file_path": "images/frame_00032.png",
            "transform_matrix": [
                [
                    -0.9948530602453669,
                    -0.005026829140215802,
                    0.10120335720332534,
                    0.052756500531354
                ],
                [
                    0.013714804385230208,
                    -0.9962579123310651,
                    0.0853350822254416,
                    0.25906862544683584
                ],
                [
                    0.10039568049026638,
                    0.08628385194544257,
                    0.9911991748545563,
                    0.2033822438996696
                ],
                [
                    0.0,
                    0.0,
                    0.0,
                    1.0
                ]
            ],
            "colmap_im_id": 10
        },
        {
            "file_path": "images/frame_00028.png",
            "transform_matrix": [
                [
                    -0.882644948254987,
                    -0.3186309943979137,
                    0.3455606816883944,
                    0.13889810384508652
                ],
                [
                    0.18111894045725424,
                    -0.9089540494534382,
                    -0.37549762368068074,
                    0.08954698335787371
                ],
                [
                    0.43374396217998556,
                    -0.2688434960924165,
                    0.8599938080481825,
                    0.15230009738590017
                ],
                [
                    0.0,
                    0.0,
                    0.0,
                    1.0
                ]
            ],
            "colmap_im_id": 11
        },
        {
            "file_path": "images/frame_00025.png",
            "transform_matrix": [
                [
                    -0.9123254632535298,
                    -0.20271439247255987,
                    0.3557655466507537,
                    0.1657473388117373
                ],
                [
                    0.1792405795011159,
                    -0.9788990587961792,
                    -0.0981297475185619,
                    0.22029807157695624
                ],
                [
                    0.3681508709202421,
                    -0.025758644615609904,
                    0.9294091824746687,
                    0.20635443893554806
                ],
                [
                    0.0,
                    0.0,
                    0.0,
                    1.0
                ]
            ],
            "colmap_im_id": 12
        },
        {
            "file_path": "images/frame_00004.png",
            "transform_matrix": [
                [
                    0.6740505291675534,
                    0.6119012070518828,
                    -0.41380284790874755,
                    -0.16506290313608823
                ],
                [
                    -0.38192183204193936,
                    -0.19081470127805425,
                    -0.9042817392748211,
                    -0.1381704674328272
                ],
                [
                    -0.6322907545889547,
                    0.7675719266522298,
                    0.10507967965650795,
                    -0.11231390375600106
                ],
                [
                    0.0,
                    0.0,
                    0.0,
                    1.0
                ]
            ],
            "colmap_im_id": 13
        },
        {
            "file_path": "images/frame_00029.png",
            "transform_matrix": [
                [
                    -0.9947851562465584,
                    0.10164847375422402,
                    0.008371421321806138,
                    0.033649962170882
                ],
                [
                    -0.09627309643654837,
                    -0.9087317784701349,
                    -0.40612565260153755,
                    0.07964269122381816
                ],
                [
                    -0.033674676153296786,
                    -0.40481371343118105,
                    0.9137788975479944,
                    0.18299389381094386
                ],
                [
                    0.0,
                    0.0,
                    0.0,
                    1.0
                ]
            ],
            "colmap_im_id": 30
        },
        {
            "file_path": "images/frame_00011.png",
            "transform_matrix": [
                [
                    0.8498920467737906,
                    -0.40994630280649014,
                    0.33110049478360226,
                    0.13863122575008963
                ],
                [
                    0.26810013651076453,
                    -0.2045410682936202,
                    -0.9414272506063408,
                    -0.16206452832705767
                ],
                [
                    0.4536582696629327,
                    0.8888796207567109,
                    -0.0639311674368593,
                    -0.13933059166872888
                ],
                [
                    0.0,
                    0.0,
                    0.0,
                    1.0
                ]
            ],
            "colmap_im_id": 31
        },
        {
            "file_path": "images/frame_00020.png",
            "transform_matrix": [
                [
                    -0.162295729240001,
                    -0.7913125204471293,
                    0.5894782364549754,
                    0.22013925189644476
                ],
                [
                    0.4392967702514726,
                    -0.5928730764667649,
                    -0.6749221161344902,
                    -0.06737682341344892
                ],
                [
                    0.883560096381158,
                    0.14941890838995298,
                    0.44384180278391283,
                    0.05155490995662415
                ],
                [
                    0.0,
                    0.0,
                    0.0,
                    1.0
                ]
            ],
            "colmap_im_id": 32
        },
        {
            "file_path": "images/frame_00033.png",
            "transform_matrix": [
                [
                    -0.9628447425522344,
                    0.1842937842324862,
                    -0.19739757554942505,
                    -0.05601367784180565
                ],
                [
                    -0.18228843277065246,
                    -0.9828336065532484,
                    -0.028443436985605537,
                    0.2542771360644427
                ],
                [
                    -0.1992509197407642,
                    0.008596680917925266,
                    0.9799107959705592,
                    0.2303786314898251
                ],
                [
                    0.0,
                    0.0,
                    0.0,
                    1.0
                ]
            ],
            "colmap_im_id": 33
        },
        {
            "file_path": "images/frame_00034.png",
            "transform_matrix": [
                [
                    -0.965817708919411,
                    0.22249612526214355,
                    -0.13300987700539937,
                    -0.02627846521154356
                ],
                [
                    -0.1970755037744632,
                    -0.9635685123126464,
                    -0.18082302920710755,
                    0.17382601421289007
                ],
                [
                    -0.16839655266572562,
                    -0.14842909527085754,
                    0.974480068922589,
                    0.20479811493536054
                ],
                [
                    0.0,
                    0.0,
                    0.0,
                    1.0
                ]
            ],
            "colmap_im_id": 34
        },
        {
            "file_path": "images/frame_00035.png",
            "transform_matrix": [
                [
                    -0.9751612360102453,
                    0.211379125041935,
                    -0.06617725651214429,
                    -0.0057633364169721955
                ],
                [
                    -0.1807290797437394,
                    -0.9320653145961646,
                    -0.31399243472054095,
                    0.08386806747969534
                ],
                [
                    -0.12805297153111764,
                    -0.2942330960705431,
                    0.947116318969741,
                    0.19537951653839786
                ],
                [
                    0.0,
                    0.0,
                    0.0,
                    1.0
                ]
            ],
            "colmap_im_id": 35
        },
        {
            "file_path": "images/frame_00039.png",
            "transform_matrix": [
                [
                    -0.778491530666665,
                    0.44100280946727954,
                    -0.44661779937911017,
                    -0.13283478644835697
                ],
                [
                    -0.3783373133717366,
                    -0.8974741695076915,
                    -0.22671786955847978,
                    0.14370064778147568
                ],
                [
                    -0.5008111560168456,
                    -0.007525762980976318,
                    0.8655238580770751,
                    0.18364934918158365
                ],
                [
                    0.0,
                    0.0,
                    0.0,
                    1.0
                ]
            ],
            "colmap_im_id": 36
        },
        {
            "file_path": "images/frame_00038.png",
            "transform_matrix": [
                [
                    -0.7612447443552134,
                    0.5299438968506667,
                    -0.3737190192943017,
                    -0.1137632768298685
                ],
                [
                    -0.39907467639836125,
                    -0.8371086463211286,
                    -0.37415039344086015,
                    0.096272368363503
                ],
                [
                    -0.5111221398541722,
                    -0.1356782239165033,
                    0.8487317466112332,
                    0.18331074948164547
                ],
                [
                    0.0,
                    0.0,
                    0.0,
                    1.0
                ]
            ],
            "colmap_im_id": 37
        },
        {
            "file_path": "images/frame_00037.png",
            "transform_matrix": [
                [
                    -0.7803397447730025,
                    0.5764080097643383,
                    -0.2425359540503641,
                    -0.08206917801535785
                ],
                [
                    -0.3672451286003743,
                    -0.7363067397776599,
                    -0.568316285599215,
                    0.01994143021892626
                ],
                [
                    -0.5061629167045926,
                    -0.35440963761939204,
                    0.7862524470649307,
                    0.15312125884907962
                ],
                [
                    0.0,
                    0.0,
                    0.0,
                    1.0
                ]
            ],
            "colmap_im_id": 38
        },
        {
            "file_path": "images/frame_00044.png",
            "transform_matrix": [
                [
                    -0.381641510947218,
                    0.8638734791665221,
                    -0.3287436221657443,
                    -0.09127846430297368
                ],
                [
                    -0.5407644733785706,
                    -0.4971219000030144,
                    -0.678559946407825,
                    -0.001711693751372118
                ],
                [
                    -0.7496155957912845,
                    -0.08119377149832324,
                    0.6568744400692998,
                    0.12484897537325339
                ],
                [
                    0.0,
                    0.0,
                    0.0,
                    1.0
                ]
            ],
            "colmap_im_id": 39
        },
        {
            "file_path": "images/frame_00040.png",
            "transform_matrix": [
                [
                    -0.7924373470918918,
                    0.3709055205375193,
                    -0.48422323960003627,
                    -0.15573172504300398
                ],
                [
                    -0.344683182995441,
                    -0.9272659808908245,
                    -0.14618927471845194,
                    0.2051496766744593
                ],
                [
                    -0.5032261462743104,
                    0.0510577664745279,
                    0.86264508935514,
                    0.1715841217163882
                ],
                [
                    0.0,
                    0.0,
                    0.0,
                    1.0
                ]
            ],
            "colmap_im_id": 40
        },
        {
            "file_path": "images/frame_00036.png",
            "transform_matrix": [
                [
                    -0.962625625890619,
                    0.27075099716016704,
                    0.006767711243033944,
                    0.024268406490482373
                ],
                [
                    -0.22738682839923144,
                    -0.7943695369566487,
                    -0.5632692686680302,
                    0.028110366698163636
                ],
                [
                    -0.14712965251516194,
                    -0.5437563206915889,
                    0.826245683231515,
